4,8,179~6,8,179
8,7,70~8,9,70
6,0,96~8,0,96
5,5,285~7,5,285
3,2,133~3,4,133
7,4,24~7,6,24
5,1,38~5,2,38
6,0,51~8,0,51
0,4,258~0,6,258
1,0,263~2,0,263
4,6,98~4,7,98
1,2,242~1,5,242
3,8,319~5,8,319
5,8,41~7,8,41
5,2,252~5,5,252
5,5,95~5,7,95
1,8,294~1,9,294
4,3,92~4,4,92
2,7,150~2,7,153
2,6,57~2,6,60
0,5,312~0,8,312
9,1,321~9,3,321
6,1,50~6,2,50
3,8,275~6,8,275
0,4,129~3,4,129
8,1,245~8,2,245
1,8,55~4,8,55
8,5,197~8,7,197
0,0,159~2,0,159
3,5,298~5,5,298
8,4,59~8,6,59
7,2,32~9,2,32
0,8,157~0,8,158
1,1,151~1,3,151
3,6,203~6,6,203
0,1,58~0,1,59
7,2,256~7,4,256
3,1,72~5,1,72
8,5,258~8,7,258
4,1,253~4,2,253
7,5,194~7,7,194
0,2,201~0,4,201
9,1,250~9,1,253
8,4,147~9,4,147
4,7,148~4,9,148
2,4,59~5,4,59
6,2,132~7,2,132
5,3,306~7,3,306
0,3,5~2,3,5
6,1,183~6,4,183
4,4,133~6,4,133
9,0,175~9,0,178
7,6,50~8,6,50
2,3,252~4,3,252
7,1,63~9,1,63
7,5,201~9,5,201
0,4,130~0,7,130
5,5,250~5,8,250
1,7,17~1,7,17
2,1,265~5,1,265
8,3,303~8,3,305
1,5,331~1,8,331
6,7,24~6,9,24
3,7,269~4,7,269
7,2,318~7,2,321
3,5,337~3,6,337
5,9,322~8,9,322
1,4,327~1,4,327
3,8,165~3,8,166
3,5,54~3,8,54
1,1,47~1,4,47
4,3,168~7,3,168
4,2,150~4,4,150
4,0,334~4,3,334
1,4,55~1,7,55
2,0,83~2,3,83
1,1,149~3,1,149
7,4,144~7,7,144
7,4,248~7,6,248
7,8,155~9,8,155
5,1,181~5,3,181
6,8,255~8,8,255
7,4,33~7,4,35
3,6,157~3,8,157
0,8,270~0,9,270
1,1,226~3,1,226
5,5,60~5,6,60
4,4,90~4,7,90
4,6,158~4,6,159
2,0,66~5,0,66
0,0,264~0,2,264
2,5,145~5,5,145
6,5,252~6,7,252
6,7,223~6,9,223
6,4,207~7,4,207
0,1,53~0,3,53
0,0,140~0,2,140
5,8,321~7,8,321
4,7,276~4,9,276
2,6,38~2,7,38
6,5,101~9,5,101
3,0,234~3,0,234
4,6,3~4,8,3
0,6,228~2,6,228
0,1,3~2,1,3
6,2,316~9,2,316
5,0,36~5,3,36
7,1,301~9,1,301
6,8,277~7,8,277
3,3,126~3,6,126
1,4,75~4,4,75
5,7,12~5,8,12
3,8,261~4,8,261
5,7,124~5,9,124
4,0,90~4,2,90
6,6,160~6,6,162
6,1,265~6,1,269
6,2,146~6,5,146
8,5,203~8,7,203
7,6,246~9,6,246
9,6,201~9,9,201
6,2,344~6,4,344
2,0,16~4,0,16
1,4,212~3,4,212
3,1,144~3,3,144
2,2,87~2,3,87
5,9,202~6,9,202
2,2,254~4,2,254
0,5,44~2,5,44
5,2,130~7,2,130
3,8,68~6,8,68
5,9,174~6,9,174
0,2,157~2,2,157
0,2,248~2,2,248
7,9,121~7,9,121
6,5,205~6,8,205
3,2,278~6,2,278
6,4,153~6,6,153
0,3,195~0,3,198
5,4,167~5,7,167
7,2,67~7,4,67
7,4,37~9,4,37
3,4,159~3,6,159
5,6,210~5,9,210
0,0,249~0,3,249
5,6,279~5,8,279
1,6,285~4,6,285
8,4,230~8,7,230
6,6,319~6,7,319
7,7,9~7,9,9
3,0,147~3,1,147
6,7,196~7,7,196
3,4,134~3,6,134
2,2,179~4,2,179
1,2,80~1,2,82
8,6,191~8,6,193
7,0,77~7,2,77
6,0,61~8,0,61
3,2,192~3,3,192
2,1,250~4,1,250
2,1,67~4,1,67
5,6,15~5,9,15
6,7,272~8,7,272
6,2,260~6,4,260
3,5,149~5,5,149
1,0,21~4,0,21
7,2,220~7,3,220
4,4,188~4,7,188
0,8,268~0,9,268
7,5,230~7,8,230
6,0,53~6,0,53
7,0,228~7,0,230
1,7,176~1,8,176
4,5,56~4,7,56
7,9,46~8,9,46
3,4,35~3,6,35
4,6,268~4,9,268
7,1,157~7,4,157
9,7,309~9,9,309
7,6,199~7,8,199
5,7,149~5,8,149
0,5,226~2,5,226
7,1,226~7,2,226
5,2,340~5,5,340
5,7,203~5,9,203
6,6,310~6,8,310
8,4,46~8,7,46
9,6,30~9,8,30
7,4,316~9,4,316
4,7,280~4,8,280
7,7,133~9,7,133
1,6,221~1,8,221
7,6,270~8,6,270
3,0,250~5,0,250
5,8,95~7,8,95
1,5,246~1,6,246
1,7,151~1,7,153
6,5,184~8,5,184
1,5,48~2,5,48
5,6,341~5,7,341
7,0,313~7,3,313
1,8,7~1,9,7
0,2,181~0,2,182
2,0,59~5,0,59
3,0,152~3,2,152
3,0,183~5,0,183
5,5,296~8,5,296
2,6,54~2,7,54
3,1,41~3,3,41
6,1,334~6,3,334
3,6,155~3,9,155
0,2,187~0,2,189
7,4,134~8,4,134
4,0,140~4,1,140
5,5,170~5,7,170
3,5,300~4,5,300
5,2,334~5,5,334
5,7,54~7,7,54
0,6,261~0,7,261
7,7,338~7,8,338
5,5,156~7,5,156
6,5,182~6,7,182
6,7,21~8,7,21
8,7,238~8,8,238
3,5,131~3,7,131
0,6,65~3,6,65
6,4,27~6,6,27
5,5,57~8,5,57
2,6,315~2,9,315
9,4,144~9,4,145
5,0,128~7,0,128
5,1,202~5,3,202
6,7,266~8,7,266
1,8,167~1,8,168
8,5,306~9,5,306
3,8,69~3,9,69
0,5,60~2,5,60
2,9,318~4,9,318
6,6,316~6,8,316
7,1,129~9,1,129
3,8,9~3,8,11
2,1,69~2,3,69
0,0,267~0,1,267
5,4,297~7,4,297
5,5,136~5,5,140
8,5,6~9,5,6
1,7,100~1,9,100
2,5,265~4,5,265
7,8,241~7,8,242
0,0,301~3,0,301
5,4,115~5,4,117
1,7,57~3,7,57
8,8,154~9,8,154
8,2,294~8,2,297
6,3,42~8,3,42
3,7,255~6,7,255
5,0,56~5,2,56
3,3,33~4,3,33
9,4,331~9,6,331
8,7,261~8,7,263
2,0,227~2,3,227
1,5,301~4,5,301
4,3,235~4,5,235
6,3,182~9,3,182
1,8,269~1,8,272
1,4,318~3,4,318
3,2,246~5,2,246
9,2,199~9,4,199
6,7,201~6,9,201
4,7,103~4,9,103
7,8,258~7,8,260
8,2,262~8,4,262
1,5,56~1,5,59
0,8,232~2,8,232
4,8,93~6,8,93
2,3,193~2,5,193
1,8,59~5,8,59
1,3,333~2,3,333
8,7,114~8,9,114
1,1,325~1,3,325
5,8,174~8,8,174
9,2,118~9,4,118
6,1,295~9,1,295
6,7,323~6,9,323
2,4,200~2,6,200
4,5,1~7,5,1
1,9,17~4,9,17
6,2,46~7,2,46
5,1,46~6,1,46
0,2,55~2,2,55
6,9,50~9,9,50
6,4,130~8,4,130
5,6,297~5,6,299
4,2,186~5,2,186
4,1,341~4,3,341
0,7,267~0,9,267
0,7,279~0,9,279
3,6,163~3,8,163
6,1,237~6,4,237
4,5,240~5,5,240
3,9,120~5,9,120
2,4,320~2,6,320
9,1,60~9,3,60
0,2,256~2,2,256
0,2,315~0,4,315
0,3,11~0,5,11
2,2,85~2,4,85
2,5,161~2,8,161
4,7,97~6,7,97
5,4,244~5,5,244
6,6,333~8,6,333
1,5,266~1,8,266
8,2,134~8,3,134
1,2,324~1,5,324
4,6,211~4,8,211
5,2,200~5,4,200
3,7,96~3,9,96
0,0,285~3,0,285
4,2,120~5,2,120
3,6,7~3,8,7
1,2,288~3,2,288
6,0,2~8,0,2
0,3,149~0,5,149
5,5,235~5,8,235
2,3,8~2,3,8
5,5,22~7,5,22
0,3,309~2,3,309
2,6,8~2,9,8
9,3,61~9,5,61
4,6,267~5,6,267
6,2,167~6,4,167
2,9,284~2,9,285
7,9,11~7,9,13
6,5,198~6,7,198
0,6,264~0,9,264
5,5,263~7,5,263
6,3,339~8,3,339
8,1,132~8,1,132
2,5,111~2,8,111
2,0,298~3,0,298
4,8,122~4,9,122
2,4,211~4,4,211
1,5,227~1,8,227
2,7,17~2,7,19
7,1,126~7,1,128
0,7,219~2,7,219
0,1,254~2,1,254
9,2,101~9,4,101
5,2,291~8,2,291
3,4,325~6,4,325
3,1,260~5,1,260
6,6,308~8,6,308
5,1,125~7,1,125
3,1,345~3,4,345
2,1,230~4,1,230
3,5,234~6,5,234
0,0,26~3,0,26
9,8,223~9,9,223
5,5,179~8,5,179
7,9,206~8,9,206
9,3,329~9,6,329
2,7,107~2,9,107
3,4,208~4,4,208
2,0,302~2,2,302
6,2,231~6,2,231
5,8,316~5,9,316
4,2,11~6,2,11
0,0,57~0,2,57
0,1,178~0,3,178
0,3,192~0,6,192
7,6,224~7,7,224
1,0,239~1,2,239
0,0,3~3,0,3
4,4,8~4,6,8
9,0,104~9,3,104
4,6,200~7,6,200
8,4,136~8,6,136
4,0,196~4,2,196
7,1,192~7,3,192
4,5,320~6,5,320
0,0,4~2,0,4
0,4,41~3,4,41
8,0,20~8,2,20
4,6,44~7,6,44
0,0,139~2,0,139
5,2,260~5,5,260
2,6,351~5,6,351
2,5,109~4,5,109
7,5,305~7,8,305
6,4,26~8,4,26
9,4,227~9,4,229
6,8,150~9,8,150
9,4,141~9,7,141
7,6,216~9,6,216
0,4,136~2,4,136
3,3,77~4,3,77
0,4,308~0,6,308
0,0,28~0,1,28
3,1,283~3,3,283
8,5,253~8,5,253
0,6,152~0,8,152
1,4,341~1,7,341
5,8,285~6,8,285
4,8,56~5,8,56
5,1,76~5,3,76
3,1,54~5,1,54
8,5,40~9,5,40
4,6,112~6,6,112
4,9,30~6,9,30
0,8,292~2,8,292
2,7,197~2,9,197
1,0,297~4,0,297
6,3,119~6,5,119
2,7,15~2,9,15
1,0,237~3,0,237
3,1,12~3,3,12
7,1,257~7,2,257
4,2,332~6,2,332
3,3,171~3,5,171
8,1,39~8,3,39
1,4,257~1,7,257
7,9,118~9,9,118
5,2,168~7,2,168
1,2,50~1,2,51
6,3,181~6,5,181
1,5,97~1,6,97
2,5,96~5,5,96
7,8,239~8,8,239
5,7,41~7,7,41
8,8,241~8,9,241
9,5,213~9,5,214
2,5,319~2,7,319
4,8,314~4,9,314
9,1,174~9,1,176
7,6,27~9,6,27
1,6,269~4,6,269
5,2,337~6,2,337
3,7,161~3,9,161
8,5,99~8,7,99
7,5,210~9,5,210
0,6,49~2,6,49
7,2,298~7,4,298
3,4,206~6,4,206
0,8,274~2,8,274
8,3,68~8,5,68
2,8,214~4,8,214
7,1,246~7,1,249
4,7,335~4,8,335
8,5,206~8,5,207
2,5,164~2,6,164
8,5,141~8,6,141
0,5,61~0,8,61
9,3,59~9,5,59
6,1,124~6,2,124
6,8,125~6,8,128
4,7,48~4,8,48
2,2,15~3,2,15
1,1,343~1,4,343
5,8,17~8,8,17
5,4,144~5,5,144
5,3,204~7,3,204
3,0,70~5,0,70
7,3,46~9,3,46
6,1,272~6,3,272
4,4,114~7,4,114
3,9,317~5,9,317
0,2,48~0,4,48
3,3,147~3,3,150
4,3,16~7,3,16
3,5,136~4,5,136
4,1,1~4,1,5
7,1,55~9,1,55
3,0,222~6,0,222
1,0,67~3,0,67
1,1,61~4,1,61
6,0,49~6,2,49
7,0,8~7,1,8
2,1,87~4,1,87
0,8,335~2,8,335
5,1,62~6,1,62
8,2,72~8,3,72
1,6,288~1,9,288
5,3,2~5,5,2
0,5,89~2,5,89
6,5,147~6,8,147
7,4,100~7,6,100
6,8,295~6,8,297
1,3,11~1,6,11
9,3,214~9,4,214
7,9,72~9,9,72
7,8,58~9,8,58
6,2,288~6,4,288
0,6,142~1,6,142
7,7,236~8,7,236
4,2,99~4,4,99
0,9,212~2,9,212
7,2,34~7,2,36
0,9,18~2,9,18
1,7,1~1,7,3
3,4,40~3,6,40
0,1,263~2,1,263
7,5,131~7,7,131
7,2,259~9,2,259
3,2,329~3,5,329
6,3,109~6,6,109
5,5,171~5,5,173
1,0,93~4,0,93
6,1,97~6,4,97
8,9,2~8,9,5
9,7,203~9,8,203
0,4,96~0,5,96
0,5,54~2,5,54
7,0,314~8,0,314
6,6,64~6,6,66
8,6,54~8,8,54
5,3,295~7,3,295
5,7,321~8,7,321
0,1,289~2,1,289
0,5,303~3,5,303
2,0,240~4,0,240
5,4,299~6,4,299
2,3,230~2,5,230
7,4,225~9,4,225
2,6,11~2,7,11
6,6,256~6,6,258
9,3,57~9,5,57
8,3,27~8,5,27
6,3,106~9,3,106
3,4,106~3,5,106
9,0,318~9,3,318
9,0,1~9,2,1
4,6,45~4,8,45
2,4,43~2,7,43
2,5,266~2,6,266
5,0,180~6,0,180
9,0,322~9,1,322
3,2,261~4,2,261
5,3,255~5,5,255
1,2,131~1,5,131
7,1,29~7,4,29
7,6,186~7,6,188
2,2,73~2,4,73
3,4,173~3,5,173
7,4,30~7,4,31
8,3,341~8,5,341
7,2,135~7,3,135
2,6,99~2,9,99
0,3,94~0,5,94
7,2,311~7,5,311
3,1,247~3,4,247
6,2,223~6,4,223
0,3,176~2,3,176
6,4,98~9,4,98
3,3,141~5,3,141
7,5,347~7,8,347
3,6,175~4,6,175
1,3,219~1,3,222
6,2,12~6,2,14
2,9,320~3,9,320
3,3,249~3,6,249
5,5,282~5,8,282
5,6,136~7,6,136
5,1,53~6,1,53
7,0,173~9,0,173
6,2,218~8,2,218
7,8,341~7,9,341
7,6,218~7,9,218
5,4,61~6,4,61
8,6,187~8,6,189
3,5,152~3,7,152
1,0,2~4,0,2
6,8,160~7,8,160
1,8,166~2,8,166
8,0,228~8,2,228
3,2,16~4,2,16
6,6,260~7,6,260
6,6,137~6,7,137
4,1,228~4,2,228
3,5,259~6,5,259
4,7,144~4,8,144
3,8,283~3,8,287
8,3,199~8,5,199
8,4,256~8,5,256
1,0,189~1,3,189
6,7,92~6,9,92
2,6,321~2,7,321
2,4,192~2,7,192
2,1,82~2,4,82
3,2,66~5,2,66
4,7,91~7,7,91
1,6,319~1,9,319
1,0,11~1,2,11
4,3,344~4,5,344
5,2,122~5,2,124
6,0,94~6,3,94
9,0,248~9,3,248
4,2,175~5,2,175
6,0,130~7,0,130
3,0,18~3,0,18
2,3,253~4,3,253
2,4,351~4,4,351
3,1,3~3,4,3
8,2,216~8,4,216
4,4,167~4,5,167
7,9,319~7,9,321
4,0,99~6,0,99
1,3,2~1,5,2
5,6,296~6,6,296
5,6,36~6,6,36
6,2,127~6,5,127
0,4,202~0,4,203
7,4,241~7,5,241
4,4,46~6,4,46
3,3,10~5,3,10
6,2,8~6,4,8
2,0,248~4,0,248
1,3,218~1,5,218
6,3,51~9,3,51
2,4,96~4,4,96
6,4,39~8,4,39
1,0,94~1,0,95
1,0,85~1,3,85
3,5,162~3,7,162
3,6,205~3,8,205
3,2,76~3,4,76
5,6,258~5,9,258
1,0,246~1,1,246
2,4,86~2,5,86
5,6,97~8,6,97
1,4,120~4,4,120
1,4,133~2,4,133
5,7,9~5,9,9
6,7,117~8,7,117
2,6,312~2,6,312
6,0,16~6,2,16
3,3,48~3,4,48
0,4,14~1,4,14
1,2,290~2,2,290
6,6,184~8,6,184
9,2,39~9,5,39
0,5,195~0,8,195
1,0,156~1,2,156
3,0,80~3,2,80
2,8,351~4,8,351
3,4,95~5,4,95
1,4,252~1,6,252
5,6,244~8,6,244
9,3,198~9,6,198
1,3,244~1,3,244
3,4,328~5,4,328
8,1,34~8,3,34
7,3,292~7,5,292
1,3,144~1,6,144
0,1,1~0,4,1
3,1,223~6,1,223
0,3,312~2,3,312
3,5,34~6,5,34
2,6,137~4,6,137
1,5,326~1,8,326
1,7,290~1,9,290
0,5,249~2,5,249
3,4,169~6,4,169
6,4,3~8,4,3
5,6,20~5,6,22
2,2,102~3,2,102
2,7,2~2,7,5
3,1,244~3,3,244
8,1,343~8,4,343
8,6,109~8,9,109
4,9,285~7,9,285
0,8,54~2,8,54
1,8,329~2,8,329
2,1,57~5,1,57
6,2,233~6,2,234
7,2,183~7,4,183
0,8,319~0,9,319
5,5,98~5,5,101
2,7,53~4,7,53
3,7,243~5,7,243
5,0,73~5,4,73
2,7,78~2,8,78
1,4,271~3,4,271
4,1,59~6,1,59
7,0,160~7,1,160
7,3,223~8,3,223
3,3,7~3,3,9
3,6,207~5,6,207
4,6,253~6,6,253
2,1,232~4,1,232
3,1,344~5,1,344
1,9,283~4,9,283
5,1,330~5,4,330
4,1,70~4,1,71
3,6,30~6,6,30
3,0,15~3,1,15
2,4,166~2,6,166
4,5,304~4,7,304
4,4,165~6,4,165
0,1,269~0,2,269
0,7,155~0,9,155
2,5,189~4,5,189
0,8,76~0,8,78
1,2,259~4,2,259
7,6,132~7,6,134
5,1,44~9,1,44
0,7,63~0,9,63
6,4,19~6,6,19
0,1,253~2,1,253
5,3,309~7,3,309
0,3,9~2,3,9
7,3,330~7,6,330
5,8,253~6,8,253
5,9,117~8,9,117
0,7,4~1,7,4
6,1,262~6,3,262
6,6,290~6,8,290
4,3,212~5,3,212
7,6,52~7,6,54
0,5,91~0,8,91
2,1,86~2,3,86
6,3,63~6,5,63
2,0,286~2,2,286
3,1,347~3,1,347
5,3,233~5,5,233
5,5,38~6,5,38
9,3,54~9,4,54
0,7,5~0,9,5
3,6,281~3,8,281
7,4,240~7,7,240
5,9,225~6,9,225
5,3,125~7,3,125
8,4,6~8,4,7
1,3,213~1,5,213
2,4,112~6,4,112
3,0,244~5,0,244
7,2,200~9,2,200
5,9,27~6,9,27
7,5,147~8,5,147
2,3,135~2,3,138
8,1,41~8,2,41
2,4,56~2,7,56
2,6,97~2,8,97
7,3,133~7,4,133
4,5,238~4,7,238
2,7,142~5,7,142
8,1,69~8,4,69
5,7,144~5,9,144
3,3,32~3,6,32
0,4,33~3,4,33
6,7,62~8,7,62
3,0,76~5,0,76
7,9,47~7,9,48
5,6,236~7,6,236
2,8,206~4,8,206
4,3,152~4,3,154
7,3,72~7,4,72
2,3,70~3,3,70
5,9,320~6,9,320
6,3,132~9,3,132
0,9,265~2,9,265
7,5,47~7,6,47
7,3,253~7,6,253
4,2,209~4,4,209
1,2,241~4,2,241
5,8,254~6,8,254
5,2,231~5,4,231
7,0,299~7,2,299
9,1,105~9,1,107
8,6,241~8,7,241
5,6,224~6,6,224
7,1,47~8,1,47
1,6,340~1,7,340
1,5,343~1,6,343
4,0,225~4,2,225
6,5,232~7,5,232
1,7,8~1,9,8
4,4,271~4,5,271
1,9,3~4,9,3
8,7,265~8,9,265
1,1,135~1,3,135
6,9,112~9,9,112
2,2,136~4,2,136
5,1,187~5,2,187
1,6,99~1,7,99
5,5,192~8,5,192
1,0,191~2,0,191
3,6,44~3,8,44
5,7,293~7,7,293
3,7,251~5,7,251
1,9,147~4,9,147
5,1,242~5,4,242
1,4,262~3,4,262
1,4,150~1,6,150
7,3,301~9,3,301
2,1,268~2,1,268
7,7,315~7,9,315
7,8,279~8,8,279
7,7,20~7,8,20
3,2,263~3,2,263
3,7,270~3,9,270
2,5,317~4,5,317
5,0,64~5,3,64
0,3,140~0,4,140
7,0,195~7,1,195
6,0,224~7,0,224
6,4,265~6,7,265
8,1,293~8,2,293
7,0,301~9,0,301
2,3,315~2,5,315
0,2,190~0,5,190
7,2,341~7,4,341
4,2,94~5,2,94
6,4,48~6,4,51
4,3,298~6,3,298
6,0,279~6,2,279
5,7,296~5,8,296
1,3,225~1,5,225
2,1,270~2,4,270
9,2,63~9,3,63
5,5,4~7,5,4
9,8,3~9,9,3
9,6,202~9,6,205
7,3,43~9,3,43
6,3,336~7,3,336
3,4,122~3,6,122
6,1,54~8,1,54
1,6,337~1,9,337
7,4,244~9,4,244
6,3,62~6,6,62
1,1,245~1,5,245
3,9,31~4,9,31
0,3,10~0,5,10
1,2,154~2,2,154
4,5,93~7,5,93
2,0,231~4,0,231
2,6,139~2,7,139
2,1,96~2,1,98
3,9,168~4,9,168
8,7,45~8,9,45
7,6,227~9,6,227
5,4,203~6,4,203
5,4,332~7,4,332
1,6,57~1,6,57
7,0,244~7,2,244
5,5,143~7,5,143
4,0,178~4,2,178
4,1,187~4,2,187
6,6,221~8,6,221
1,3,329~1,3,331
7,0,3~7,0,6
2,5,12~2,8,12
3,9,53~5,9,53
2,7,100~2,9,100
0,2,184~0,4,184
3,7,18~5,7,18
5,2,77~5,2,78
6,0,184~6,1,184
4,2,275~6,2,275
8,5,261~8,5,263
6,5,104~8,5,104
3,0,279~3,3,279
9,2,202~9,2,204
2,8,338~3,8,338
7,4,313~9,4,313
4,6,201~4,6,202
5,5,56~5,7,56
7,7,57~7,8,57
4,6,354~4,7,354
3,1,183~5,1,183
9,8,63~9,8,66
5,2,121~5,5,121
4,2,172~4,4,172
4,0,295~5,0,295
2,3,47~2,5,47
3,1,349~3,2,349
4,2,160~6,2,160
4,2,191~4,2,193
8,1,101~8,4,101
5,3,98~5,4,98
3,0,286~3,0,287
3,4,260~4,4,260
4,1,259~5,1,259
6,0,220~6,2,220
3,8,339~5,8,339
0,5,309~3,5,309
4,6,342~6,6,342
1,8,217~3,8,217
7,6,46~7,8,46
9,3,304~9,6,304
4,7,150~4,7,152
5,2,184~8,2,184
7,3,319~7,5,319
8,2,325~8,5,325
7,7,43~8,7,43
2,9,146~5,9,146
1,5,216~1,7,216
5,5,147~5,8,147
3,9,204~5,9,204
5,2,18~8,2,18
6,6,39~6,8,39
4,4,349~4,8,349
1,7,94~1,9,94
4,1,93~5,1,93
3,2,6~3,5,6
0,7,165~3,7,165
6,2,192~6,4,192
5,7,6~7,7,6
2,1,155~4,1,155
8,4,107~8,7,107
5,4,155~7,4,155
8,6,269~8,8,269
8,3,321~8,4,321
9,4,3~9,5,3
3,6,181~4,6,181
0,7,95~0,9,95
8,1,240~8,1,241
5,3,236~5,3,238
4,7,51~6,7,51
4,8,123~7,8,123
4,5,187~7,5,187
5,7,57~5,8,57
1,1,132~1,3,132
6,4,116~9,4,116
0,2,14~0,3,14
0,8,173~3,8,173
0,0,186~3,0,186
8,0,127~9,0,127
6,2,44~6,5,44
5,0,171~5,2,171
3,5,258~3,8,258
7,9,317~7,9,318
7,6,272~9,6,272
6,3,176~6,6,176
6,1,187~6,1,187
5,6,67~7,6,67
1,3,321~1,4,321
7,0,171~7,2,171
6,5,250~8,5,250
4,1,280~4,2,280
0,6,309~3,6,309
6,3,294~6,5,294
0,2,56~0,4,56
4,1,128~6,1,128
5,0,238~5,2,238
4,8,313~7,8,313
2,9,102~4,9,102
4,7,93~7,7,93
0,9,25~0,9,27
2,1,94~4,1,94
3,3,38~3,4,38
0,6,197~0,8,197
2,6,268~2,7,268
0,7,149~2,7,149
4,8,4~4,8,6
9,5,307~9,7,307
3,2,100~4,2,100
5,0,241~5,2,241
0,2,344~2,2,344
0,8,93~2,8,93
4,8,124~4,9,124
4,2,91~6,2,91
6,3,48~8,3,48
7,2,75~7,4,75
8,1,36~8,3,36
1,8,177~3,8,177
4,2,182~4,3,182
2,5,51~4,5,51
3,4,176~4,4,176
2,8,159~3,8,159
0,9,210~2,9,210
7,1,159~9,1,159
4,5,264~4,8,264
0,9,20~0,9,22
5,9,51~7,9,51
5,1,190~5,1,192
3,2,229~6,2,229
2,9,166~4,9,166
4,5,346~7,5,346
6,6,157~6,8,157
4,8,177~6,8,177
7,1,72~8,1,72
5,1,235~5,3,235
4,1,121~4,4,121
8,6,275~8,6,277
9,4,328~9,6,328
2,3,132~4,3,132
7,0,227~8,0,227
1,8,45~3,8,45
7,1,173~9,1,173
8,4,28~8,4,28
6,5,129~7,5,129
4,8,173~6,8,173
5,8,202~8,8,202
1,0,72~3,0,72
5,0,178~5,2,178
8,7,233~8,8,233
7,6,237~7,6,239
6,6,222~6,8,222
5,4,291~7,4,291
2,9,25~2,9,28
5,7,3~7,7,3
6,2,5~6,4,5
6,0,122~6,3,122
2,4,147~2,7,147
4,6,247~5,6,247
2,9,21~2,9,23
7,2,159~7,2,160
7,9,203~9,9,203
2,8,169~2,8,171
5,0,246~9,0,246
5,0,292~5,2,292
6,6,286~6,8,286
4,6,33~4,7,33
5,1,126~6,1,126
5,3,189~5,6,189
5,5,242~5,7,242
7,3,304~7,5,304
7,8,64~8,8,64
1,4,46~3,4,46
2,7,102~2,7,105
1,2,265~1,3,265
0,4,46~0,6,46
0,5,147~1,5,147
6,8,288~8,8,288
5,6,18~6,6,18
6,4,322~8,4,322
1,0,137~1,2,137
4,6,173~7,6,173
8,9,120~8,9,120
2,8,51~5,8,51
3,3,14~3,6,14
6,6,150~6,6,152
0,3,306~0,6,306
6,9,220~9,9,220
1,8,228~1,8,231
9,2,106~9,2,107
5,4,38~6,4,38
8,5,245~8,7,245
4,7,322~5,7,322
7,1,242~9,1,242
4,6,283~4,8,283
1,4,95~1,6,95
5,6,277~5,8,277
2,6,63~2,8,63
4,2,53~6,2,53
1,5,90~2,5,90
2,0,247~4,0,247
0,0,189~0,0,191
3,9,221~3,9,223
3,6,183~3,8,183
3,4,177~3,4,179
5,3,197~7,3,197
3,6,334~6,6,334
9,7,68~9,9,68
2,6,42~3,6,42
6,8,292~9,8,292
1,9,279~3,9,279
5,3,13~5,5,13
4,1,139~4,3,139
1,6,265~4,6,265
6,4,287~6,5,287
7,8,244~7,9,244
0,5,255~2,5,255
3,2,190~4,2,190
1,0,161~1,2,161
3,7,278~3,9,278
2,5,87~5,5,87
1,2,103~2,2,103
6,0,181~6,0,183
6,0,125~8,0,125
0,8,180~1,8,180
8,5,180~8,5,180
2,3,250~3,3,250
6,5,59~6,8,59
5,0,74~6,0,74
4,6,246~5,6,246
7,7,340~9,7,340
5,1,138~5,3,138
3,5,104~5,5,104
2,4,251~2,7,251
0,5,227~0,8,227
7,3,321~7,5,321
4,3,130~6,3,130
3,6,129~3,7,129
8,8,61~9,8,61
3,8,48~3,8,48
6,4,224~8,4,224
1,0,262~1,3,262
2,3,36~2,6,36
0,0,5~1,0,5
7,0,225~7,2,225
4,4,302~5,4,302
2,5,13~2,7,13
2,3,228~4,3,228
4,8,277~4,9,277
6,8,67~8,8,67
8,6,51~8,8,51
8,4,213~8,6,213
3,5,148~3,6,148
3,8,74~4,8,74
7,4,186~9,4,186
3,8,71~3,8,71
4,5,306~6,5,306
6,9,52~9,9,52
0,6,314~0,7,314
2,5,199~5,5,199
5,9,33~8,9,33
0,8,318~3,8,318
4,5,268~6,5,268
0,2,139~0,6,139
0,7,276~0,8,276
6,9,224~8,9,224
0,8,75~3,8,75
4,6,156~6,6,156
1,2,10~1,4,10
3,6,176~3,6,179
7,0,22~8,0,22
1,4,7~3,4,7
7,6,263~8,6,263
4,3,148~6,3,148
3,1,331~3,3,331
7,3,118~7,6,118
3,6,6~4,6,6
6,1,239~9,1,239
3,1,63~3,1,66
4,4,160~4,4,163
7,5,327~9,5,327
5,3,35~5,6,35
0,8,1~0,8,1
9,7,205~9,7,207
9,0,35~9,2,35
0,5,62~0,7,62
3,0,105~4,0,105
2,5,196~2,7,196
3,6,210~4,6,210
6,4,209~8,4,209
7,3,195~7,5,195
4,3,337~4,3,338
3,7,219~3,9,219
9,2,142~9,4,142
4,2,157~4,4,157
5,7,171~5,9,171
9,6,153~9,8,153
4,0,60~8,0,60
7,5,42~7,7,42
5,5,89~7,5,89
8,4,318~9,4,318
6,9,227~6,9,230
3,1,256~4,1,256
7,9,1~9,9,1
6,3,66~8,3,66
2,0,102~4,0,102
3,9,280~5,9,280
5,3,135~5,6,135
3,2,143~3,4,143
3,1,284~3,1,286
7,3,59~7,6,59
7,2,70~7,4,70
9,0,58~9,2,58
4,4,213~4,5,213
3,0,24~4,0,24
1,2,79~3,2,79
0,8,4~1,8,4
8,1,335~8,4,335
3,6,124~5,6,124
5,8,259~5,9,259
4,2,117~4,4,117
2,0,228~4,0,228
1,1,140~2,1,140
7,3,332~8,3,332
9,6,33~9,7,33
3,7,134~3,9,134
7,8,60~9,8,60
1,3,93~1,6,93
8,5,195~9,5,195
8,1,302~8,1,304
8,3,232~8,6,232
0,1,255~1,1,255
2,3,173~4,3,173
5,6,138~9,6,138
8,2,43~9,2,43
3,8,272~3,8,274
1,7,11~1,7,14
3,0,282~3,1,282
4,8,76~5,8,76
4,8,181~4,8,183
3,5,125~3,7,125
8,3,334~8,6,334
7,1,56~8,1,56
4,4,257~6,4,257
7,7,55~7,8,55
7,2,48~9,2,48
1,9,207~4,9,207
2,7,164~2,9,164
2,8,2~2,8,3
9,6,34~9,8,34
1,2,326~1,4,326
4,6,339~7,6,339
6,9,288~7,9,288
2,8,94~3,8,94
5,3,190~7,3,190
1,6,322~1,8,322
5,5,339~7,5,339
3,6,293~7,6,293
1,8,333~4,8,333
9,4,211~9,5,211
0,2,51~0,3,51
4,0,345~4,1,345
7,5,336~7,7,336
5,4,342~6,4,342